0
0.1
0.2
0.3
0.4
0.5
0.6
0.7
0.8
0.9
1
1.1
1.2
1.3
1.4
1.5
1.6
1.7
1.8
1.9
2
2.1
2.2
2.3
2.4
2.5
2.6
2.7
2.8
2.9
3
3.06
3.12
3.18
3.25
3.31
3.38
3.45
3.51
3.59
3.66
3.73
3.80
3.88
3.96
4.04
4.12
4.20
4.28
4.37
4.46
4.55
4.64
4.73
4.83
4.92
5.02
5.12
5.22
5.33
5.43
5.54
5.65
5.77
5.88
6.00
6.12
6.24
6.37
6.49
6.62
6.76
6.89
7.03
7.17
7.31
7.46
7.61
7.76
7.92
8.07
8.24
8.40
8.57
8.74
8.92
9.09
9.28
9.46
9.65
9.84
10.04
10.24
10.45
10.65
10.87
11.08
11.31
11.53
11.76
12.00
12.24
12.48
12.73
12.99
13.25
13.51
13.78
14.06
14.34
14.63
14.92
15.22
15.52
15.83
16.15
16.47
16.80
17.14
17.48
17.83
18.19
18.55
18.92
19.30
19.69
20.08
20.48
20.89
21.31
21.73
22.17
22.61
23.06
23.53
24.00
24.48
24.97
25.46
25.97
26.49
27.02
27.56
28.12
28.68
29.25
29.84
30.43
31.04
31.66
32.30
32.94
33.60
34.27
34.96
35.66
36.37
37.10
37.84
38.60
39.37
40.16
40.96
41.78
42.61
43.47
44.33
45.22
46.13
47.05
47.99
48.95
49.93
50.93
51.95
52.98
54.04
55.12
56.23
57.35
58.50
59.67
60.86
62.08
63.32
64.59
65.88
67.20
68.54
69.91
71.31
72.74
74.19
75.67
77.19
78.73
80.31
81.91
83.55
85.22
86.93
88.66
90.44
92.25
94.09
95.97
97.89
99.85
101.85
103.88
105.96
108.08
110.24
112.45
114.70
116.99
119.33
121.72
124.15
126.63
129.17
131.75
134.39
137.07
139.82
142.61
145.46
148.37
151.34
154.37
157.45
160.60
163.82
167.09
170.43
173.84
177.32
180.87
184.48
188.17
191.94
195.78
199.69
203.68
207.76
211.91
216.15
220.47
224.88
229.38
233.97
238.65
243.42
248.29
253.26
258.32
263.49
268.76
274.13
279.62
285.21
290.91
296.73
302.66
308.72
314.89
321.19
327.61
334.17
340.85
347.67
354.62
361.71
368.95
376.33
383.85
391.53
399.36
407.35
415.49
423.80
432.28
440.92
449.74
458.74
467.91
477.27
486.82
496.55
506.48
516.61
526.95
537.48
548.23
559.20
570.38
581.79
593.43
605.30
617.40
629.75
642.34
655.19
668.29
681.66
695.29
709.20
723.38
737.85
752.61
767.66
783.01
798.67
814.65
830.94
847.56
864.51
881.80
899.44
917.43
935.77
954.49
973.58
993.05
1012.91